1068578.375
2034963.5
828038.875
1704307.375
-329203.40625
452541.65625
1423498.875
1559788.375
931713.875
1357170.375
895522.8125
646886.25
17867.5214844
-365063.78125
75390.4296875
110606.742188
-355474.75
230029.359375
-326284.8125
-177362.828125
-333335.9375
-423135.5
-193871.703125
-9952.62792969
249705.328125
919050.1875
89330.3125
1190824.375
1113494.375
996005.5
653693.6875
1400018.875
1541779.0
1658374.0
3090497.0
3653643.0
1738932.0
2035934.375
2522398.0
3444016.0
2747214.25
2605704.25
2386410.5
3906434.0
3336731.75
4829920.0
2851424.5
2941544.25
3396647.0
3123490.5
3865599.25
3142430.5
3605319.75
4306098.5
5007511.5
4074747.75
4391026.0
4575006.0
3635256.5
5162572.0
3998738.5
3357598.5
4166951.5
4501082.0
4131759.5
2987369.5
4682774.5
4227468.5
3650109.75
3803260.0
3872457.25
4341123.0
4633264.5
4628607.5
3642810.0
3622336.5
3479002.5
3829815.25
2511041.0
2123115.0
3508288.25
3604262.0
1523188.0
2390319.0
3129971.0
2350951.5
2658345.0
991566.5
1678143.875
2574127.75
3684113.5
2316342.75
1975589.375
2590423.5
2563929.75
2085776.625
1477742.125
2558221.25
2437036.25
2768668.75
2385013.25
1717780.25
1984737.625
3509175.5
2900194.0
2816803.75
2315617.25
1971299.25
3220115.0
3246201.75
3754505.75
5028689.5
3345687.25
4839386.0
4968930.0
3633548.75
3065998.5
3942239.25
3161245.5
4291911.5
2856506.0
3861240.5
3569483.75
3431686.0
3316813.25
3784469.75
3298982.25
2895424.5
2700687.25
2736984.25
3025261.5
2815078.5
3166379.25
3082834.75
3264321.5
2197167.25
2846183.25
2074163.625
2107115.75
2895245.0
3406456.0
3257533.75
4456113.5
5147994.5
3901205.25
2454875.5
3519036.75
2874195.5
2872133.5
2300462.25
2867877.25
2591489.75
4047321.25
2857634.0
2913337.5
5214847.5
4904060.5
4434990.5
4519172.5
5105200.0
3191592.75
3702396.75
3705477.5
3176203.75
2738050.75
2545283.25
2612653.0
2463060.0
2464655.0
3849410.0
1722963.125
1600826.375
2677783.5
2363434.75
1589502.625
1473524.625
1417842.125
1426042.125
2215092.75
3579016.5
2862140.75
3157186.5
2519003.25
2458577.0
2073353.0
3795618.5
3946429.75
2125284.75
2451938.5
2529597.25
2636377.0
2828336.5
4284192.5
3941159.75
3740239.75
4979539.5
4625163.0
3911151.5
2786189.25
4289728.0
3973812.25
2570937.5
1935070.875
3617698.0
2803347.75
1349940.25
2667890.25
2393559.75
2038609.125
2643283.75
2546549.25
2372658.25
2998979.25
3212846.75
3128562.25
4486449.0
4474123.0
3645041.0
3114645.25
3522814.25
3571631.5
4630308.5
4765381.0
4447173.5
5826364.5
5960382.5
5503808.5
5373708.5
4577413.5
3005566.25
3196125.75
2979412.5
3762401.0
3859344.0
3010955.75
4247990.5
4506082.0
2614800.25
3758333.75
3974163.25
5027222.0
4591341.0
4766986.0
4112231.5
6276661.0
4563202.5
5486690.5
4353835.0
4317432.0
3772166.0
4041969.0
4001744.0
4516417.0
4436332.0
4198242.0
2967640.0
2242084.25
2438738.75
2249480.25
2075101.5
3295440.0
2194354.25
2008456.125
3049433.25
2501083.75
2552818.25
2445342.5
2542066.0
5021839.5
2400500.25
3702715.75
5389390.5
5453815.5
4626144.0
4497522.5
4426938.0
4262049.5
939924.0625
1777158.5
282556.1875
327579.96875
1027158.1875
785898.875
1358545.25
784058.4375
1814262.25
1062274.875
584797.5
1230504.75
424229.1875
397095.375
1634756.375
2309075.75
1716625.25
3689245.0
3217236.0
3289083.0
2475705.75
1625824.25
2156222.0
3409178.75
4427366.5
3387279.5
4177135.0
3464280.0
4285831.0
4743532.0
6375747.0
5489217.0
4241627.0
2990029.0
3843919.25
4976505.0
5154807.0
4142359.25
3671345.25
3624353.75
5506123.5
3177048.75
3710063.75
3181667.0
3120297.0
3593914.75
2808208.5
4788723.0
3935289.75
3558715.5
3781275.0
3471525.5
2640505.5
1553996.625
1372515.5
1871846.25
1062941.25
667037.5
-689175.4375
-218721.296875
1000141.8125
493429.75
1631312.125
76735.3671875
382935.9375
444304.5625
313705.9375
-192381.734375
1472203.625
778091.5
98937.1875
1596114.625
1669818.0
735947.0
1544787.125
899728.4375
1618720.25
1524339.875
1425452.375
1293251.125
1123080.125
863900.5
896889.875
727787.1875
1709671.25
1468951.5
2066048.0
1735691.875
2334114.0
2221288.5
2788024.5
2436512.75
1406052.5
2911837.25
3788316.0
3432785.25
2745123.75
2879765.5
1677545.625
2433689.0
2252177.0
2098697.5
1987037.75
2450347.75
1781703.0
2213019.25
2112506.5
2524653.5
1787482.125
1967343.0
2012778.5
1687916.75
1822518.0
1335407.0
1528674.0
941170.6875
1353083.875
1155522.875
2059431.625
1074081.25
1810981.875
2992461.0
4063873.25
5622489.0
3382428.5
3091828.0
2061658.25
1695907.75
1480612.125
796514.4375
1033070.375
58549.4726562
947889.875
552819.1875
1056374.0
454352.84375
-210488.0625
-2702.82421875
-261988.578125
-211470.265625
287823.84375
364764.59375
-967431.8125
1574942.25
617385.75
1157716.125
503375.53125
966358.0
1441291.875
1098456.5
1791431.0
883746.3125
2024045.625
2115196.0
799359.375
2207053.0
1577850.25
3108293.0
2406122.5
1854945.875
2969186.75
1671249.375
3594197.0
2153054.5
2681349.5
1953067.375
2022437.875
3051784.75
1781628.625
2167036.75
2901631.75
1861986.125
4555485.0
4186308.0
5482116.0
4890888.5
4879134.5
5771734.5
6089516.0
6330793.0
7779694.5
10655715.0
9618045.0
9429098.0
14917885.0
24246922.0
26965344.0
33972976.0
50123068.0
52979032.0
117803848.0
59869260.0
50688792.0
37038700.0
28447216.0
21676386.0
11318119.0
8804084.0
5764238.0
5026632.0
4225845.5
4250299.5
4052877.25
3333597.75
4391783.5
4885735.5
3750729.25
5133421.5
4309895.0
3070020.25
4257062.0
3195966.0
3827402.75
3462909.0
2896455.25
1871481.25
1775372.125
1421883.5
1543480.625
1368477.25
1967968.375
1150355.75
1701700.25
2086258.375
1134830.0
1181131.0
847406.4375
1625028.25
1987169.125
1168064.0
2683333.0
1407115.5
1592332.625
2507941.25
2623920.0
2786625.75
1655065.0
2355619.25
2602671.0
2719529.25
3893953.75
2683835.5
3115892.75
2452983.0
2491187.75
2647442.75
2082346.125
3802326.5
3842581.75
5676891.0
4193019.0
3698095.5
4173886.5
3651252.0
4282238.5
3637286.0
3495957.5
4410965.0
4256880.0
3410613.75
2283188.75
2529837.5
3478998.0
2245876.5
3334365.75
3246497.75
2725089.75
3587208.5
2195624.0
5217696.0
2861597.75
3641038.5
2766118.75
2915138.5
2509105.0
4172179.0
2505983.0
3085299.75
2089142.0
3025280.5
2937085.0
2323396.5
2475789.0
1967457.625
3304588.5
3899888.5
2582382.25
3159318.25
1922660.625
1910940.875
2208832.75
1939737.25
1758233.75
2825211.5
2624462.75
1498543.25
1871241.5
894148.0
959179.0625
945017.9375
1103645.5
1842733.25
1546874.5
969645.9375
1504567.75
1698658.5
1638480.625
1075558.0
1356850.5
1254171.125
2686505.25
1384934.875
1668887.375
2194276.5
1858655.5
2228241.75
1962731.125
2246475.75
2484153.5
2797330.25
1015620.0
1554762.375
1768352.625
1841022.75
2964310.5
3106767.25
2729367.25
2279035.0
3227414.5
2883268.5
3459913.75
2967741.75
2978161.0
4330024.0
3394859.25
4888577.0
7339867.5
7457519.5
5581741.5
6866186.0
7515107.5
6377369.0
6557114.5
6769203.0
9492048.0
11041944.0
14229363.0
13494540.0
13380910.0
11302932.0
8772554.0
10134474.0
11436584.0
8228855.0
8090469.5
5726241.5
4853462.5
5083093.0
3088794.25
2690820.0
2943164.25
3454817.0
4510615.0
2486347.0
4154523.5
3097124.5
2883392.5
2949293.75
2995493.75
2514433.75
3245420.0
2781357.75
2352726.0
3129360.5
2729834.5
2894728.75
2735029.5
3508009.25
2997566.5
4281269.0
3642876.75
2505692.5
3376915.0
3154628.25
2522914.75
2597736.75
3016981.0
2093468.625
2198840.25
2803580.5
2414442.25
2293645.5
2751257.5
3472200.0
2926029.0
3319174.0
4523729.0
4516983.5
3257663.25
3587471.5
2906259.5
3105039.75
3369082.5
3628065.0
3417181.0
2707720.75
3385926.0
1884427.375
2640541.25
2275360.25
3099185.5
3339454.25
3384720.25
2226219.5
2746621.25
5539959.5
5443287.5
5836050.0
4915374.0
4211042.0
4296492.5
5170324.0
4686594.0
5285060.0
4288299.0
5731909.0
5064644.0
4487122.5
6776758.0
5779356.5
5633574.0
7143905.5
5290316.0
5685285.5
6345268.5
6249368.5
4634925.5
3541392.5
3676410.0
3448240.75
4850359.0
6479774.0
6365308.5
6494421.0
5218086.5
4108101.0
4430948.0
5788541.5
3987842.5
3457318.75
3142972.25
3342683.5
2639100.75
2519972.75
2946678.0
2826580.0
2097307.25
1583351.25
1312487.375
1471087.875
3004449.25
2628749.25
2208267.75
2130327.0
2088220.625
1902424.375
2329891.5
3543181.5
3068432.5
3938216.25
3926896.5
3086950.5
4084128.75
4146726.5
3021556.0
3488972.25
3679513.0
2582899.75
2655004.75
2725445.75
2681134.5
3277964.5
3037329.5
2887815.5
2822950.25
3274149.0
3797804.5
3641375.25
3677787.0
2681104.0
2693389.0
2476256.25
2621559.75
2367424.75
4371620.0
4244873.5
2761599.0
4204605.5
3116052.5
2347097.0
2192330.0
2710586.25
1926920.25
2286508.0
3004480.75
2372805.0
3743264.0
3342678.0
2212678.5
1602096.125
2252746.0
3046650.0
2614054.75
2994476.0
1991313.25
2354681.25
2908754.75
3173470.25
3427056.5
2894741.5
3129543.0
2216822.25
2391619.25
2696896.25
2810854.0
2800411.25
1713945.75
2315891.5
1861685.125
2139785.75
3374786.75
2922795.5
4211753.5
2175999.5
3727560.75
3514178.5
4460518.0
3006624.75
2644244.5
3041444.25
2520226.25
2782466.0
4805522.5
2429559.75
3362016.25
4093199.75
4085844.5
4127928.75
2952606.5
2707015.5
4072985.25
3983098.5
2405678.75
2870512.25
3942230.0
3423571.5
2857963.75
3585003.5
4815349.0
4093644.5
3092723.5
3848061.5
4562966.5
3251287.5
4400124.0
3412548.75
3077432.0
3878629.25
2732565.0
4370559.0
4421977.5
5078929.0
4726807.5
4463079.0
5045572.5
4351573.0
6352142.0
5137702.0
5090613.0
6162261.5
5991659.5
6080169.5
7381695.5
7325893.0
7578386.0
6793813.0
4464358.5
3241222.75
4079794.25
3697984.5
4149571.75
3978702.0
2504519.5
2606805.0
3612915.25
3560179.25
3543019.0
3957989.25
3351449.0
3931775.25
2536924.25
3307883.75
3086877.5
2951706.5
3480439.0
4291298.0
3027514.0
2942654.5
2009738.625
3014861.25
2720928.25
4194986.5
2576411.25
2482179.0
4242280.0
2666172.25
2879393.25
2296877.75
2608346.25
3685902.75
3067496.25
2942068.75
3625814.25
3379386.5
4673061.0
3836602.5
4741112.5
3877585.0
3425126.0
3803865.0
3636747.5
4832439.5
3162435.0
3464550.0
3937569.75
4092279.25
4604835.5
4605799.0
4800515.0
2257887.25
3156134.25
3041723.5
2812945.25
3228938.5
3433003.75
3219716.75
3182068.0
2832681.25
3771733.0
3604335.25
4393151.0
3503489.5
3494578.5
3913896.25
3692044.0
3884775.25
2569822.75
3973422.0
2357068.5
3771605.0
1538221.5
3197418.25
3348889.5
2660168.0
3098069.0
3198183.5
2905805.25
3631451.25
3567713.0
3616689.75
2854776.0
2950513.25
3472507.75
2593456.5
2431486.5
3002015.75
2710947.25
2546697.0
1950461.875
2336668.5
3498072.5
3231389.5
3194651.0
3644165.75
2452296.5
3979315.5
4438819.5
3417957.75
3252254.75
3510121.75
2737550.5
2634191.5
3853534.25
3591264.25
3524508.5
3775619.5
3023802.0
4033612.5
4546065.0
4785804.0
3261719.25
3483498.0
3615041.0
3798139.5
3515957.25
3469629.25
3334720.5
3192617.5
4020475.75
3648716.0
3718411.75
4201668.0
4344015.0
3659983.0
3730795.25
2447051.25
2370046.25
3250332.5
2992514.75
3281867.25
3611862.5
3807736.25
4552002.5
4328312.0
3743662.75
2503635.5
3116184.25
3495992.5
3513178.5
4050460.5
3717568.75
5006729.5
4903057.5
5537508.5
5253318.5
5284752.0
5401381.5
6235532.5
6171809.0
5874229.0
7171558.5
6614592.5
7298301.0
6507987.0
6126245.0
7672677.0
8221024.5
6344696.0
5456699.0
4355151.0
4276523.0
3263684.0
3432878.0
3473060.0
4051631.75
3489377.75
2956773.0
5175922.5
5209877.5
4953491.0
4324701.0
5206125.5
3284711.0
3851297.25
4456497.0
3899766.0
3639262.0
4721779.0
4250216.0
3594523.5
3513232.0
3087028.5
3507128.75
4140032.75
3916852.0
2647503.75
3431859.75
3104057.75
4098082.5
5060759.0
5013209.5
4187938.25
3608054.5
4419970.0
3422200.25
3678942.5
3870711.5
3375082.0
3696619.0
4583285.5
3956926.75
3088807.0
2732505.0
3026595.75
2897839.75
4068302.0
4291018.0
2951008.75
2547674.0
2841056.25
4909242.5
3764997.75
4128465.25
3590081.5
3028611.5
2740841.5
2480861.0
2280095.25
1950022.375
2449783.25
2349985.75
3159533.25
3510789.0
4879706.5
4374793.0
5526169.5
4908046.5
5390324.0
5971129.0
5170906.5
4244202.0
6065552.5
7945927.0
6201105.5
7010408.5
9610874.0
9589406.0
9868687.0
9298029.0
8738095.0
9061788.0
5976785.5
4328798.0
3595535.75
3419088.0
4194976.5
4067200.75
4050187.0
4390272.0
3771780.5
3009101.5
3731706.5
3669225.0
4673002.5
4498469.5
4439810.0
4480447.5
3435977.75
2346735.0
3264216.75
3800639.0
2954325.25
2946226.25
2434600.75
3211461.0
3360256.25
4447799.5
4617317.0
3981408.75
4082968.25
3572308.0
3494133.25
3055758.75
3150078.5
3104920.25
3923604.75
2932845.75
2938607.0
2495220.5
3397766.25
4172013.5
3322097.5
2994913.75
2120937.0
2475391.5
4223273.5
3623109.75
3526659.0
4495813.5
3664294.0
4194531.0
4461009.5
6250367.5
2759452.25
2752940.5
3162746.5
2043943.125
3903490.25
3065566.25
2660108.0
3802957.0
2615726.5
4793672.0
3521029.25
2688317.5
2901797.75
3394310.75
3310694.75
4029656.5
2318972.75
2836527.0
2931632.75
3333549.5
3754462.0
3540759.5
3562021.0
4146091.75
2903390.75
2709948.75
3516565.0
4106791.25
5059332.0
4192664.5
5200554.5
5257280.0
4313237.5
4640216.5
5738305.5
4871927.5
4658781.0
4799139.0
3828531.5
3752465.0
3610019.75
3628262.5
4368849.5
4191723.0
3314019.5
2530918.5
2698725.5
2591985.25
2987882.0
2949065.25
2029103.875
3318790.0
2991411.0
3340752.5
2404587.5
2202799.5
3088951.0
2077272.375
2040343.625
2210785.5
2610523.75
3832924.25
4730429.0
5040685.0
3758801.25
3792492.75
5001740.5
3681514.5
4050717.5
4179154.75
4089535.25
5132581.0
4438497.0
4987446.0
2994898.0
2832580.5
2486089.25
2550031.75
3453675.25
4157215.0
4088097.5
2965220.25
3444015.75
4141139.5
3284358.75
3525105.0
4137774.25
3706042.5
5134469.5
3330563.25
2750947.75
3557125.75
2722703.75
3045952.5
2815942.5
3542021.0
3709567.5
4378390.5
4498071.5
4928348.0
5054972.0
5227197.5
6022509.0
6299762.0
5842574.5
7188729.0
9531237.0
7994292.0
7456888.5
8728166.0
7645840.0
5543175.0
6212293.0
4208226.0
4682666.5
4638300.5
3554007.25
4419487.5
3856732.0
4211594.5
4086987.25
3594616.25
3587892.75
4588131.0
4012087.0
4494358.0
4623744.5
3928616.75
4001069.25
4414623.5
3948751.0
3706467.5
4204412.5
4311325.5
4592541.0
4116864.25
4797518.0
3901678.75
3912452.5
3923242.75
3404347.0
4134675.25
4519085.5
4105894.0
5645805.5
5908891.5
4342643.0
5097184.0
5250750.5
6216703.5
4012128.75
5042326.5
4577367.0
5643157.0
4400011.0
5896993.5
4787661.0
4664213.0
3899332.25
3459052.5
4462001.0
5773717.0
4747751.0
4926505.0
3510472.0
4070100.75
4024044.0
4233282.5
4566595.0
4158073.75
3601969.0
4190610.0
3044448.75
3590984.0
1957819.125
1568243.375
4226094.5
4017344.0
2550545.25
3710675.75
2635571.5
2486397.5
3193418.0
2484617.75
2852844.25
4191121.25
2970551.5
4058058.25
5152000.0
4202784.0
3855077.0
3509681.0
3228916.75
3332442.25
2686482.25
2399715.25
2374601.5
3173558.5
3851079.75
2981556.0
3170961.25
3514959.75
3280466.25
3577908.75
3476924.5
3752233.25
4149978.75
3095706.75
1873190.875
3934726.25
3892749.75
2839170.75
2190833.25
2324312.0
2914972.75
3475625.0
2808326.0
2476147.0
4469821.5
3174131.25
3477295.0
1944656.625
1840599.75
1489530.875
1959385.875
3151562.25
2549634.25
2303298.75
2388081.75
2107722.25
2130804.75
2156624.75
1316211.625
2447278.0
2304398.75
2388173.0
2183391.25
1287572.625
1868532.125
2271319.75
2250840.0
2815366.25
2421907.5
3505301.75
2980867.5
3209281.25
2893272.5
3563469.0
3871055.75
3843339.5
3887400.75
2554468.5
2675690.0
2606416.0
3198769.75
3791228.0
3638595.5
4149795.0
6091877.0
4316595.5
4232490.5
5166727.5
4916352.5
5608730.0
7301832.5
8075797.0
6320703.5
7436435.5
8761897.0
7694886.0
9031454.0
9128350.0
7791955.0
8287340.5
5476448.0
4871108.0
5576537.0
3800274.25
3668673.0
3923560.75
4071562.5
4013818.0
5329805.0
4796093.0
3872871.5
5727888.5
4762979.0
5415544.5
4641078.5
5387826.5
3255521.5
2186596.25
1906039.5
1576009.625
2672248.5
3139556.25
1695594.125
2851770.5
2612946.75
2626526.0
1633479.0
724145.0625
1305317.375
2385755.25
1493519.875
2285793.0
2727002.0
2326753.5
1935167.75
2303441.5
2523483.5
1241171.375
2997048.0
1801708.75
1708581.0
1778983.25
1567315.375
1669132.875
2024188.5
1008482.125
2447908.0
2635477.0
3059027.5
1889602.875
1621877.125
1933631.875
2669310.0
4763454.0
3101943.5
3714208.0
1120235.625
2259352.0
728092.375
2026126.75
2969301.5
4020942.25
3342887.0
2939837.75
2678880.75
2605557.0
2626955.25
4148730.0
4929347.0
7397792.0
7084743.5
8904775.0
8787989.0
9092142.0
7811330.0
7975582.5
6908559.5
4079444.75
3202785.25
2724443.0
1926751.375
1266136.5
1691620.25
1846099.875
2883492.25
2795601.0
1759272.875
2305031.5
2771982.75
2552668.0
1908574.75
1516747.875
1414516.0
1395152.75
1386401.875
1269827.0
2325458.5
1173841.0
956236.5625
1450089.875
2141891.25
1097591.625
2119649.5
1560782.875
963699.625
2829673.0
1888690.5
1859801.125
1456304.0
2166551.5
1517630.125
1376114.625
2268747.0
2352350.0
1669878.75
1678646.375
1377898.5
837849.375
1014689.4375
1361300.25
2013279.625
1444587.0
818751.8125
1082742.75
398066.71875
1387105.875
1051630.0
1540203.5
1285129.0
2260149.5
2137662.25
1999700.75
2417076.0
1387064.125
1824168.875
3142221.75
3208001.25
1826415.375
2342420.0
3371658.75
1795150.25
1379755.0
2661625.5
2642868.75
2387287.5
2556398.5
1662451.375
1631534.625
2227194.75
1494249.0
1825711.375
2291764.25
3302782.5
1517587.25
1277426.625
1275117.25
2235406.25
2257460.25
1341160.0
1156281.75
272846.40625
745343.4375
1274465.25
12567.9824219
593506.9375
1809066.875
1738550.375
905123.5
1619659.625
1684716.0
1875285.0
1073684.625
1194628.0
950900.5
2449953.0
3134966.0
4158579.0
3876809.25
2058409.625
1529832.375
1411462.0
3226476.5
2514380.0
2827392.0
2866036.75
2341083.75
1521520.25
1500449.625
686810.875
948284.5
1016906.6875
769051.0625
2371527.5
1791779.375
1291833.625
1847932.875
1790129.75
511199.6875
1773529.625
975127.875
1544424.25
1772969.25
898212.0625
999488.75
1253998.875
1043902.0
3581937.25
1754835.125
1484417.375
1991655.25
1887044.625
1307551.375
2775004.75
2546473.75
3194105.25
4497584.5
3950424.0
3665464.0
4981945.0
5768865.5
5562307.5
4679857.5
5984326.5
5309049.5
5162025.5
6085130.0
9386035.0
8380087.0
8286550.0
7678195.5
8509634.0
8451921.0
9868149.0
9839239.0
8969238.0
4607505.5
4774241.0
6063699.5
5302310.0
3520627.75
4008432.0
4384030.0
5132121.0
4333457.0
3440288.5
4431133.5
5689402.0
5072456.5
5388326.0
5530314.5
5090534.0
5273596.0
3755122.0
4809540.0
4193150.25
2724110.0
1980480.625
2332180.25
2625598.0
2923135.75
2158306.0
1722889.375
2447374.0
3857623.5
3225672.75
2994825.5
1575914.0
1776579.0
2274987.75
2630408.25
3153818.25
2955041.0
3867656.75
2502084.5
2180591.5
2385244.25
3094717.0
3004032.25
2662419.5
3115597.75
3295029.5
4002724.75
3576726.0
3492765.75
2776081.25
2258342.5
1774160.0
2974498.5
3064119.0
3506722.75
2201611.5
3666407.0
3690536.75
3542836.0
3347302.75
2552284.75
4978381.0
4350434.0
3679217.0
4771130.0
4219515.5
4400366.0
4356004.5
4568807.0
4640345.5
4355820.0
3960240.5
4103650.5
4103115.25
4995758.0
3698605.25
2819377.25
3380400.0
2931203.25
3628288.25
3040035.0
3028939.0
3299579.75
2834495.5
3214334.25
2843833.75
2142293.25
2775013.25
3061223.75
2808058.5
2192550.25
2272988.75
3429732.25
2761710.0
3155609.75
2437062.75
2805203.0
2288016.75
2828374.25
2464279.75
2591799.5
2813948.5
3272430.25
3423392.25
3808338.5
5674270.0
4630897.0
3403669.25
2260681.5
2642539.25
1736472.875
2087682.375
2198561.0
3206130.25
3385018.5
2353865.75
2517775.0
2414112.75
2694068.0
2304719.0
3135789.0
1855851.625
2173972.0
1963982.25
2466173.75
2822077.25
2613493.5
3247788.5
2761062.0
2208799.0
2720262.75
2146560.25
2300228.5
3539844.25
3518540.0
3022606.75
3325359.75
3564034.0
3568865.25
4546994.5
3367230.5
4051800.75
4104566.75
2902603.5
2463910.25
3695290.5
4167975.75
3065579.25
3467167.75
3811209.75
4873827.5
5661731.5
4762165.0
5133609.5
8742184.0
9604995.0
9024046.0
9006470.0
10529186.0
7790132.5
8144706.5
8188589.5
8504909.0
7644706.0
4196067.0
4478967.0
3583716.5
3468838.5
3005366.0
3966252.75
3943888.25
5252743.5
5446898.5
3865220.5
4305074.5
5952777.0
3617474.75
3956990.0
2233940.0
2397216.75
4013640.75
3008298.75
2809438.5
2758805.75
2646600.5
3319872.0
1680816.75
1747062.0
1827067.375
1713961.375
940017.5625
2185020.0
1561566.0
2216199.25
1810804.625
2463917.5
1865986.625
2126573.5
1936283.625
2943480.0
1569125.625
2174303.75
2448109.5
3785631.75
3183027.0
3646529.75
2563714.0
3689825.25
2093684.875
3126257.5
2581443.0
2700200.25
2024020.5
2315955.5
1627988.75
2068862.75
3421841.25
3134413.25
4482397.5
2050621.125
4195638.5
3064065.75
3402891.5
3941976.5
4302936.5
3845917.0
4009914.5
3537747.75
3548228.75
3343426.25
3922463.0
4012522.0
3774052.25
4656252.5
6301783.0
6385400.0
6553123.0
7818835.5
9298750.0
9707972.0
11733937.0
12757448.0
9425264.0
11483348.0
9849093.0
9530091.0
10420878.0
9765715.0
4350420.5
3199777.5
3878690.25
3766764.25
4280583.5
3982413.5
4117563.25
4440218.0
4070045.25
3259594.25
2847028.5
3685833.75
2357890.25
2864368.5
2667410.75
1884981.625
2175123.5
3234181.0
2185387.25
2470122.75
2066774.5
2002963.625
1472630.75
1485874.875
658205.625
723302.25
1346748.75
2055526.125
1165527.75
2405961.0
1989370.875
1689700.75
1018756.9375
1736618.25
3007719.0
2116983.25
2758810.5
1653364.75
1913063.875
3262328.75
3576545.5
2052663.0
1808309.25
2868684.25
3609254.5
3754554.5
3046904.0
2115909.5
3599373.25
4003013.25
4622521.0
6281404.5
5041597.0
4737345.5
4525085.5
5314030.0
4866616.5
5436825.0
6461168.5
5112890.0
4211213.0
4824172.0
4976601.5
4897682.5
5503350.5
5410418.0
5024185.5
6113749.0
6206851.5
5725924.5
4605830.5
4379225.5
3904222.5
3998103.5
4367217.5
3856047.75
4348760.0
3375958.75
3004963.25
3378713.75
4496414.0
3567879.25
3126683.5
3032748.0
3445372.5
2180944.0
2939387.5
2742694.5
2688658.5
2631124.0
2213922.0
2233427.75
2146582.0
2742458.25
2244103.25
2322451.25
2145967.25
2201624.5
2554760.5
2012725.875
3115254.5
2325855.25
2496429.5
2813167.75
2322115.5
3587023.5
2142741.25
1406421.0
1684508.375
1857885.375
1945694.5
1625618.25
2199301.0
2474865.75
2571308.25
2133586.5
1837717.25
1569083.75
1097813.25
1346797.125
1222279.0
1558933.0
1348785.375
1445807.125
1980496.125
1936434.75
2216137.0
1952709.5
1841014.375
2023473.5
2306951.75
3029113.75
4529058.5
2179360.5
2877499.0
6206194.5
4134924.0
4598912.5
5612614.5
5533069.0
5235568.0
7230017.5
5807430.5
7109275.5
7256201.0
4608337.5
6342244.0
9014857.0
13650130.0
13523264.0
11068974.0
10946354.0
10977896.0
12091876.0
11267788.0
10995084.0
11071616.0
9584777.0
7672696.0
7188314.5
5773676.0
6552586.5
4600121.0
4370951.5
5357801.5
5229489.0
5479216.0
6057072.0
4115539.0
3464511.5
4698031.5
4552166.0
4067994.5
4018017.5
3873551.0
3649444.0
3106380.0
2717004.5
3072013.0
2049614.875
1487518.375
2053050.5
1437789.0
1268995.75
1340499.875
1182890.875
1687951.375
2375132.25
1729835.25
1134875.125
1517763.625
1394085.5
1074061.5
1465326.875
1867356.0
1478163.125
1649497.75
1989845.25
2136918.25
1570842.25
2550105.25
2373463.5
3362225.75
2078104.5
2165166.5
1321686.375
2232278.75
3192432.5
2973579.5
3256282.0
2923308.75
4712562.0
2457884.25
3827323.75
2850315.75
3173141.75
3716872.25
3204402.75
4065052.0
5067137.0
4415861.0
4592399.5
6219031.5
4827776.5
4707344.5
5385974.0
4578729.0
4321658.5
3936205.25
3464669.5
5099738.0
6635884.5
5931392.0
5121012.0
3404903.25
3890596.25
3916929.5
4556400.0
3944781.25
4007648.75
3604068.75
3455012.25
3036889.5
3399522.0
3464239.25
3781816.25
3748521.25
3134499.0
3563793.0
3077649.75
3729436.25
3671951.0
3581569.0
3207298.0
3459797.5
3774975.5
4251764.5
3126643.5
3538819.0
3348020.5
2573058.75
2793112.25
1936774.75
2664675.0
2495645.75
1330996.5
2428657.25
2295183.0
2007533.75
1252532.125
2180704.0
3109246.75
2375960.5
1840916.0
1810360.0
1703227.25
2942054.25
2622880.25
1517428.75
1696738.125
2241554.5
1522817.625
2782625.5
1862327.5
1637472.0
1509366.375
3041473.75
2759834.0
4675650.0
2818540.75
2974446.5
2949921.25
2136114.25
1979234.5
2230715.75
2867061.75
3862996.25
3575332.25
5079469.5
5088273.5
4447437.5
5261178.5
7952440.0
5773537.5
7199462.5
8984528.0
7507472.0
9269759.0
7608876.5
12474955.0
10444790.0
12062675.0
11297981.0
14191645.0
12714988.0
13322016.0
11554504.0
14448079.0
12549364.0
10049551.0
5736506.5
5334895.5
5217890.5
5363502.5
5433940.0
3514777.75
3683067.25
3932591.75
