1867425.125
1946477.875
-727322.1875
631187.375
-1073678.875
486542.28125
-2015512.25
-389503.40625
225301.6875
321200.28125
3498509.5
257701.71875
-2315434.0
-1761886.875
-3949783.25
-3595469.25
-1370018.0
-2378555.75
2275376.0
-2939512.25
-1993328.5
-260406.546875
-894727.4375
-2670489.5
107023.859375
-415461.3125
649403.6875
-512119.625
-2278812.0
-3036368.0
-1548560.125
-3122616.5
-2902346.5
-958417.4375
-1358439.25
-442981.15625
-3050798.25
-333968.40625
871358.25
1702270.5
1917821.5
1428718.0
1824929.25
329361.28125
2228344.25
1399910.625
-1658175.625
-539482.5625
936571.625
4252465.0
3373406.75
1882219.625
285975.3125
-633100.0
1382293.125
3848129.0
276490.3125
2127331.75
3716936.5
2539667.5
1086552.875
2631983.5
-2904633.5
-1326961.875
-3506165.5
-5028844.0
-6679697.0
-4462406.5
-5338261.0
-3234896.25
-1666516.125
-3976134.0
-3571572.5
-2181390.0
-3424065.75
1005980.5625
492593.53125
-1609237.75
3646429.5
-3703302.75
3547474.0
-3082216.5
-2331489.5
6556467.5
4037752.5
2193724.25
1441473.875
542107.75
-150029.25
1876759.25
2872021.75
-3219093.5
1686787.25
-329178.125
-30012.0371094
3036380.25
1401305.625
2673941.5
-259769.234375
-1748709.625
-1284617.0
-5092277.5
870119.75
-2816018.75
-4376433.5
-606887.625
3182212.5
1079607.375
953553.4375
1749776.625
-2083834.0
-3438194.5
-2354563.5
239228.625
3476266.25
2498988.0
678090.625
2008361.125
3887264.25
3468107.5
1631472.25
1472234.0
2954728.25
1674703.25
4672104.0
-769718.5
-1360626.875
2396413.5
4897136.0
137419.6875
-240980.65625
3300323.25
2992843.25
674131.125
-320764.6875
8393156.0
4655635.0
4715930.0
1642674.125
2368587.75
4414892.0
7115794.5
3359516.0
3070596.5
3988342.0
3996497.0
923055.75
2949426.75
1243037.125
5816211.0
-4805040.5
-621075.375
2373317.0
-755856.625
-3018844.25
3022613.75
5941344.5
3578643.5
173636.328125
1103689.5
2338399.75
1716588.375
-589433.0625
4032064.25
5643288.5
2665024.75
823281.5
2088528.0
739692.875
812110.1875
-792668.0625
-68660.7578125
-1396835.5
1841338.75
1539164.375
1026164.1875
2747533.75
1309786.0
2978435.5
4209569.0
3928236.5
4238195.0
2624113.5
1445506.375
2065419.625
3718714.25
5339230.5
2080024.75
3690281.75
2456522.75
1104261.875
1523998.875
2315651.75
2958123.5
1963804.125
795258.375
15720.1162109
2106172.0
-892377.25
5125946.0
-84595.8828125
410941.71875
4324761.5
3005670.5
1394639.625
1378132.25
1612812.125
-512915.84375
816963.8125
2526176.5
5176656.0
3297749.25
124221.976562
-100243.679688
3699834.25
1567081.875
-2185007.25
129362.59375
4781771.0
3821761.75
6309785.5
3506126.75
-819638.125
2012255.625
2455282.5
4620084.5
6507332.0
5137624.5
5916393.0
-78787.078125
886527.625
1292034.5
3191408.5
2469500.75
3950101.0
402915.125
2048635.25
3689231.25
-249426.609375
1059037.0
697321.4375
-198429.4375
2723166.75
2878054.5
1848477.625
-917062.125
1431992.875
390831.125
-2550083.5
1205433.5
627030.4375
-1330538.5
-2262691.5
-2266280.25
-92781.3828125
2279021.75
-2293193.25
-4667444.5
692084.9375
401267.28125
3096876.25
2649085.75
5915325.5
-1215822.875
285046.65625
-401591.40625
897764.0
371307.34375
3744077.5
3607962.25
1409426.125
748575.0625
2686253.5
3352815.5
1943310.625
2260654.5
1759974.25
3349006.75
551411.375
549501.0625
-720091.875
-1296197.75
-4307824.5
815315.9375
-753439.0
-1258288.25
-433802.0
-2345139.5
-4341021.0
-4949376.0
-5650625.0
-6325535.5
-2092850.25
-4400586.5
-2796191.0
-1787659.375
-1629545.75
2747021.0
1531635.0
1055232.375
914363.3125
-2141629.25
633218.125
5143839.0
3855848.25
4818146.5
7904085.0
1729945.375
2408827.25
4598636.0
1471183.375
974114.3125
3498161.25
4143077.25
4332279.5
3480706.75
6919637.5
2559187.25
1593489.75
607329.1875
6701302.0
5782226.5
1028384.3125
-3594829.75
943082.8125
1155419.875
3957934.0
6154757.0
2177452.75
-1218641.875
5267540.0
-311913.0
-513237.6875
1546910.0
-2746648.25
-2454686.0
-2903238.5
1091351.125
209431.59375
31810.1582031
1561309.625
4349613.5
3699357.5
1343485.5
1298162.75
1854764.75
452266.46875
-312860.15625
1897032.75
643378.9375
2781241.25
1305181.125
-1054863.75
597298.4375
-921223.125
4013283.5
3825601.0
60784.4414062
-691087.0625
320126.71875
-446144.46875
1158432.25
-2935290.25
-2169772.75
1947459.625
5021090.0
2238087.75
1351447.125
-355514.90625
889067.25
-1518759.0
-4279573.5
-920654.8125
-2779083.0
-2712342.0
662507.875
2520565.0
2268809.5
773999.25
947463.6875
967934.625
-425836.4375
597677.3125
-2312326.25
-459032.6875
-1013543.0
-963877.875
-644619.6875
2707675.5
431795.5
1436172.25
2433732.0
6406702.0
6105096.0
7542279.5
6279133.0
5454848.0
5916458.0
6720655.0
6265861.5
4075101.75
3093291.75
6056575.5
3600978.25
-287633.4375
868217.4375
-3232352.5
-2585882.75
-512669.375
2093636.125
-103763.320312
1645095.75
-5878101.0
-6758874.0
-2488261.25
492094.28125
-172754.84375
-5166419.5
-6775155.5
-6648346.0
-5945950.0
-1603875.125
-1220927.0
2159990.25
908961.875
382896.0625
922229.0
3551097.25
12815181.0
9881660.0
9056029.0
6932776.0
2292486.25
1768125.25
5649348.0
6068319.0
6233624.5
7027570.5
6671914.5
5862984.5
6803486.0
3732523.25
6673820.5
3510538.25
4088937.25
4427904.5
2956229.25
2608151.75
5260723.0
5981873.0
6002912.5
7593855.0
9058512.0
8675374.0
3514501.75
5024110.5
6365726.0
8165008.0
7802917.5
7232863.0
7707929.5
7758743.0
10020776.0
13033918.0
16566313.0
30528848.0
66878396.0
266707792.0
53304292.0
19446744.0
12864998.0
11362218.0
9232704.0
14154898.0
9212809.0
9398048.0
7454310.0
6045938.0
3712624.5
1473158.625
321267.3125
1274270.0
4604571.0
3012673.0
2702529.0
967706.6875
1416251.125
1372641.25
2482992.0
1963360.25
-2883177.0
-1285223.75
2192390.25
1945371.875
5414444.0
3977836.75
-380552.15625
1775905.375
729059.3125
2491745.75
4433585.0
3789767.0
8153655.0
7111731.5
8654688.0
11067239.0
5014428.0
346266.0625
3945208.75
4270336.5
3289087.0
568479.0625
-2033851.0
-122551.898438
-8048.16601562
3012487.5
4450815.5
4123019.5
2006583.25
3100074.25
3770228.75
3698367.75
6833032.5
7338063.0
4520943.5
2469342.0
4342943.5
3365471.75
2854192.5
1850379.875
39362.3476562
1671996.75
1282993.375
2530019.5
4079069.25
3637922.25
3787868.75
5884410.5
8932428.0
9219630.0
8707206.0
8666462.0
6294840.0
9248828.0
13518292.0
22087564.0
21506342.0
22957928.0
15922155.0
10091708.0
5928584.5
6766322.0
3529671.0
1006772.8125
1846227.0
2156181.5
4944864.5
3421420.0
2712404.75
8477260.0
8656969.0
7543579.0
7082150.5
7277033.0
7834969.0
4750171.0
3505585.0
2445290.25
6801777.0
991986.25
1121659.375
1410381.375
933400.375
459659.71875
-525584.125
1231421.875
3225018.0
2076185.625
3181222.75
4243234.0
10528660.0
16241947.0
12116181.0
10902506.0
10716161.0
11177396.0
9077081.0
8434028.0
8007482.5
8434407.0
8855849.0
10866324.0
12080003.0
9130361.0
12160764.0
13475866.0
12223322.0
13284181.0
11235054.0
7616406.0
5460903.5
8812441.0
8804661.0
12785778.0
13220495.0
11148426.0
10079392.0
7558968.5
7600861.5
7520096.0
10130589.0
5669822.5
4200970.5
4175197.75
1929467.25
3935375.5
3828651.75
3898594.5
5573887.5
2691172.0
5661281.0
4301437.5
7217121.0
7324792.0
8249938.5
9204847.0
12037700.0
6784129.0
4205877.0
3651185.25
4084749.75
9462117.0
3240945.25
3927405.75
2063865.625
3983168.75
3680607.5
2667882.25
1733053.25
-790413.375
-1506640.5
4193569.0
5328195.5
5512255.0
4645315.5
5759088.0
7299986.5
6742429.5
7138830.0
9463609.0
5283062.0
5923635.5
4884565.5
2516373.5
3370235.5
3035812.0
-642175.625
-97700.0625
3089854.0
3161513.5
2488509.5
1947274.125
1411332.5
2973077.0
1860441.25
2892875.75
3075256.75
2049458.0
2367761.0
4252340.5
4816335.5
3371190.5
4924969.5
4301812.0
6743957.0
8245394.5
6946990.5
5343550.0
6823187.0
9587784.0
10065526.0
7259389.0
10591592.0
6417293.5
6328767.5
7015030.5
8868927.0
7170499.0
6412193.0
3630722.25
2235234.5
1294354.125
2483177.25
1419831.75
2193883.0
-98879.15625
-40103.8476562
1196508.75
2415868.25
4569283.0
3389144.5
5468808.0
5088493.0
5744047.0
6819893.5
10543389.0
12408078.0
12986284.0
11246543.0
8284017.0
8349996.0
8928016.0
10358947.0
10137333.0
6033565.0
1518593.875
1184394.25
2868608.0
1416626.0
-93156.25
833880.625
3101408.25
4619353.5
3162817.0
1344019.25
-1032706.5
-411459.28125
3517897.0
2224794.25
2443001.25
5294999.0
2745183.75
2563753.5
1188013.375
509522.3125
3154313.75
822902.6875
4763813.0
1442243.625
3530247.5
2171548.5
1085632.125
970951.0
1846988.625
2403014.5
2908242.5
1556932.75
1926424.375
3949968.5
2569089.75
560521.5
1514467.375
3466166.5
2880757.25
1181950.125
1267058.25
2488138.5
2999603.25
5009126.5
4351296.0
4843249.0
3895926.5
3534017.5
3615923.75
5246091.5
4731185.0
5470172.5
5274528.0
5976343.5
5631317.0
2811735.0
2717126.0
4331204.0
2439795.5
2864253.75
4306928.0
1504982.375
2245458.5
-1334892.875
1298894.0
2657786.5
3924359.0
2320342.5
680125.3125
1380989.625
2673907.0
1011691.4375
1323362.875
421734.21875
3284172.25
2352204.75
2859145.5
3722840.75
3169676.5
1301944.875
3564171.0
2561507.0
4873015.5
4679084.0
4171199.75
3053274.5
1839023.125
2872602.25
2614211.0
2360557.25
3061042.5
1767750.375
2829000.25
2977991.75
1937970.625
2113538.75
3363031.5
3590542.25
2962284.5
3097057.75
250941.765625
576255.1875
-102618.742188
3395083.25
2693070.5
-525197.25
-2986853.75
-3097003.0
-3659857.75
483564.40625
1551631.25
1464798.25
1859683.5
5979584.0
6854489.0
6601778.0
6043467.5
3646653.5
4679277.5
6164981.5
5743922.5
3503303.75
6396455.5
6261678.5
5805740.5
2407558.25
3115811.75
-974499.4375
1345732.125
2774764.75
2946125.5
466454.1875
1395370.875
6771395.5
5736680.0
4588416.0
4816464.0
5992786.0
3803348.0
1974682.5
8064669.0
8178786.0
9263356.0
11172034.0
11975844.0
3116129.75
7210231.0
7455540.5
5989545.5
3007310.25
2080265.5
1946826.25
2549694.25
3169982.25
5014579.0
1330342.875
-1194237.875
1630464.125
-1795207.5
-85990.9140625
3425167.75
3378356.0
4605870.5
5689493.5
2563564.25
287877.59375
2431799.25
184549.234375
3942738.25
3625575.75
4362088.5
5581818.5
7791711.5
7345263.0
6514536.0
4180839.75
3779331.0
3945398.25
5281542.5
1300989.75
4810818.0
5953974.5
9486555.0
9625141.0
10194813.0
5975009.5
5217659.0
5064476.0
6729355.5
5652928.5
6548877.0
5789616.0
3758860.0
-1059047.25
2647759.5
7763692.5
7663975.0
7359136.5
6193793.0
8714031.0
7637225.0
8083678.0
7925576.0
6293127.0
6777687.0
5990751.0
4697459.0
4600569.0
6978822.0
8104713.0
6526322.0
5584289.5
5671501.0
5404959.0
6051970.5
7519110.0
9400298.0
9608637.0
10085232.0
8402352.0
2681489.75
-1679369.75
-898114.625
3557504.75
4540657.0
3139105.75
5849497.5
9635933.0
6790567.0
6314920.0
6735225.5
3029180.25
3961716.25
2026516.375
2236753.75
2815729.25
3891201.25
4923249.0
6444249.0
3062574.0
3530815.75
-119879.875
1941589.75
1361675.25
96424.7890625
1768701.625
2574766.0
1079758.375
3941620.0
8024364.5
6492201.0
5950385.5
8284839.5
9151211.0
5197950.0
6117218.5
5811985.0
7490708.0
6213726.0
5365734.0
3847405.75
2525101.0
1605836.125
969991.875
1635219.875
3114485.75
4572515.0
6890473.5
7296931.5
9356310.0
7347362.5
6913794.0
6146382.5
3610789.25
4753183.5
2224411.25
3129655.25
4103503.75
5363066.0
4886850.5
5824112.0
9862102.0
9591596.0
9287701.0
1574012.5
1422340.875
3517548.5
2648517.25
2061580.5
4002456.5
3056472.25
2968688.25
5994908.0
5178407.5
4024988.75
1731472.75
4529265.5
3177762.5
4824800.5
4966789.5
4904051.0
4051333.5
5693082.0
7237936.5
7888192.5
8263550.0
8019187.5
5877327.0
5219109.5
3471786.0
4063831.0
2750067.75
-635006.3125
230409.796875
4253992.0
1691864.875
-1494167.625
-4938777.0
-2950482.25
-1309120.5
-3708795.75
-1152921.125
-2603940.0
-2724499.0
-926361.75
2419104.5
2794087.0
2596343.0
3125846.75
343416.59375
1767139.625
5200011.0
4728521.0
3436559.0
4318478.5
3104803.5
4296105.0
8756682.0
6506764.0
4508063.5
2159383.25
1893417.5
3316374.75
5946577.0
4388231.5
3754680.5
7887457.0
8717612.0
10706100.0
11087702.0
7800253.5
7801962.0
5372327.0
5500295.5
9140160.0
6137655.0
3594479.25
2707068.75
3761122.75
1745149.25
2227238.25
3450587.75
1983839.125
2026292.5
4649097.5
3184045.75
4498578.5
1528078.875
2948031.75
2050757.5
5077546.0
1848864.5
800490.9375
-910086.25
-1609046.25
-1163363.25
-276907.96875
3576069.5
3029877.0
3514057.75
1749650.5
2819631.75
1186803.75
4537765.0
1698651.375
3790433.25
1571623.75
4839564.5
9568362.0
5690758.5
4708565.5
2049926.75
2556106.0
4926962.0
243638.390625
4292072.5
3998613.5
7214039.5
5444532.5
1704749.125
802366.6875
1848636.5
1315552.25
2551221.75
1663432.375
1656796.875
588722.0625
1629508.875
3377223.25
3855333.0
5532149.5
6068474.0
5121913.5
6033595.5
5393400.5
5596063.5
5850862.0
6024520.0
3343326.5
3171393.25
4021817.5
5956638.5
1794079.25
2597518.25
3413079.75
934923.8125
1454172.625
2940445.0
3444907.5
5489498.5
4957934.0
5187320.5
3121302.75
4400384.5
2740075.5
2379504.75
2623863.0
2519420.5
2285467.75
960877.6875
910837.6875
2789926.25
1835786.75
2108960.5
2052280.875
1286578.0
-467759.96875
-99227.5078125
2032196.75
2669564.5
-169935.90625
833683.1875
2746896.5
1971894.0
796136.5
2227454.25
3261416.0
1676157.75
-1144955.5
242179.96875
2961488.25
1021339.375
937565.3125
4001703.0
1472165.0
2043553.625
1995605.375
4371190.5
4507302.0
5517742.0
4989568.5
3511076.0
3065961.25
2891928.5
2936288.0
3336505.5
1914684.75
1422913.25
1501776.625
1839402.0
516343.3125
3233938.75
1376268.375
1999224.5
-1005952.3125
200132.015625
892655.9375
1948035.875
2914487.25
2473912.25
2909379.0
4837754.0
4973869.0
2134763.5
3144824.75
2013446.75
1471062.875
3528534.5
5703746.0
5060129.5
6814657.0
8900755.0
7595150.5
8339238.0
6603843.5
5376905.5
4776701.5
5534817.5
3174970.0
2639217.75
7444438.0
6412004.0
6456750.5
9756716.0
8203126.5
7305276.0
7102811.0
6989262.0
5891235.5
8066253.5
6327085.0
3558301.0
2120363.75
2647384.75
2676385.5
3688538.5
4424092.0
2842456.75
5188654.5
4422568.5
1917124.75
4289121.5
2266524.25
-1328640.25
353856.75
3593903.0
2422314.25
3866887.0
1849781.125
2738900.5
3387818.5
3221179.0
1500381.5
3864223.0
3111021.5
3867618.25
5325647.5
6978184.5
8710536.0
9826401.0
7332890.0
7773082.0
10259586.0
9364585.0
6937061.5
2678609.75
7064468.0
2123906.0
1438017.625
2646778.0
1794435.5
596691.625
3769273.75
3415334.25
2482040.75
3867455.5
2551983.5
3709926.0
711949.0625
1837848.0
2148943.25
6369891.0
6583175.0
4670550.0
7401029.5
6065647.0
7697902.5
8147213.0
5927827.0
8827417.0
11213825.0
10773822.0
7716691.0
8266662.0
4928774.0
4045915.5
5057681.5
5592100.0
5525746.0
7875937.5
6374882.5
9338731.0
9263262.0
9665348.0
8514601.0
3745790.25
6128382.0
4676794.5
3479820.5
3110707.75
6461669.0
5074912.5
2121117.5
4367033.5
4938607.5
4959272.0
6448212.5
5719294.5
6304139.5
4412727.0
5821671.5
4266748.0
3139906.0
1173412.25
1742511.75
2990303.75
4039624.5
4236413.5
6135590.0
6163651.5
4291755.0
2054759.5
2921501.5
3367946.25
4826749.5
2962629.0
3388042.5
1734747.625
937557.3125
3228792.25
4261609.5
4960382.0
2263825.75
4592418.0
3488694.75
2248691.0
3216472.25
3729287.0
2437901.0
3024076.25
4346760.0
3732523.25
4172336.5
4662770.0
3753377.0
3139144.25
1476928.75
-739793.0625
563370.9375
1718077.25
597298.4375
-191156.5625
1065931.0
2466136.25
1330752.25
1020991.0625
-147558.65625
-2345147.5
-1128611.0
-919703.6875
27997.5527344
1386325.75
1069546.125
-1814116.5
-1907008.75
-290486.90625
757681.25
2872791.5
475022.5625
936830.125
2165481.25
561468.625
2018168.0
2210610.5
1098736.375
3288367.75
3340310.0
-238695.484375
1522846.375
2924389.5
1414599.25
3015379.5
1368708.25
1540846.75
1677143.375
1827275.5
2984089.5
4218796.0
6076470.0
7709487.5
6762548.0
4710752.5
1742743.625
6467573.5
4856732.0
4460520.5
5774670.5
2573087.75
177956.203125
-927854.6875
260779.125
-2413589.25
-867969.25
1147037.0
1661560.625
-804847.5625
1145324.125
2358245.5
9637612.0
11254512.0
6903134.0
5338566.5
10561791.0
12699468.0
18943774.0
12166771.0
7413686.0
4771172.0
6302199.0
9019419.0
15936536.0
8856774.0
4801136.0
5633954.5
5001161.0
-3097958.25
31779.6464844
1247167.625
618523.0625
-270777.6875
356903.65625
1785359.875
2057617.0
1320733.375
-1678384.125
-552303.75
-1267394.375
-1475729.5
-2449582.0
-2260182.5
182522.53125
7538.61083984
4016330.5
5587525.5
8255842.5
8340386.5
5962508.0
5356055.5
4438310.0
3553765.25
1355797.5
4260503.5
2622938.25
1163010.625
1013060.0
860449.3125
2013245.375
5224317.0
3250055.25
4717199.0
6134483.5
3415360.75
2078273.375
2462168.5
3333829.5
2326065.25
-176752.890625
1180047.875
-3633702.5
1301179.125
-1690158.25
-3097571.25
-3923579.0
-2030641.125
791574.1875
-3325839.5
-4811936.5
-1207698.375
487872.28125
-69298.0703125
-191956.796875
368608.78125
2732651.75
2140220.0
2985161.0
1699443.625
-1330196.25
246143.5
-890568.4375
-80499.953125
1102264.0
5978378.5
8052353.5
4733788.0
6345963.5
3525418.5
4685267.5
508117.28125
-1952960.875
-1558998.25
-2915228.75
487872.28125
593296.375
-736970.125
-1522571.625
-1002182.25
-1126549.875
-1532246.125
-1088434.875
-994027.25
416057.8125
1370201.125
2546901.75
-1268909.75
-2249015.0
-1308707.125
900045.1875
2604536.5
481847.53125
-1249363.5
-1702254.375
-292362.6875
-582418.625
-792857.5
-336923.75
-2294678.25
-2885203.75
-1255043.875
-504897.25
-928968.75
-1616763.375
-2078941.75
-1456179.125
-2056201.625
-4150446.25
-4287891.5
-5706700.0
-7041125.5
-6696868.5
-4652085.5
-1573721.75
1488130.625
2825024.75
4674548.0
2727759.5
1692850.5
3022927.75
6115127.0
4264463.0
1707258.25
-1519524.75
-1065686.75
-1999165.75
745721.625
-2043908.25
-2527520.75
-1320098.375
-3029164.0
-1432351.5
-1353488.125
-2232356.75
657187.8125
-271740.84375
427035.75
1682595.875
2081858.0
1206574.0
2252090.25
1308951.25
865716.3125
-2610763.0
-2111789.75
-2904603.0
-1661540.375
-1726560.375
-1719550.0
66460.8359375
488096.21875
291875.65625
-423013.5
1312574.375
1645474.5
4174242.75
4910372.5
1572477.0
-1033820.5625
-795142.625
-432661.40625
-505654.96875
-1942641.125
-1398927.25
-1486711.375
-134450.484375
-1081954.25
545568.0625
-1061301.875
-2189288.5
-4848870.5
-3592165.75
-3411312.0
-1675147.875
-250659.078125
805478.625
370011.84375
-1290486.75
-1285189.25
-201380.78125
-1031918.25
-874578.3125
101563.40625
72756.0390625
-1748713.625
1640934.75
410949.71875
2030514.5
6082908.5
3649120.0
-1235528.125
-60350.84375
-1078377.625
-3644116.0
-593056.25
-3180974.5
-2442571.5
-1914780.875
-66595.53125
-1723517.5
-242151.75
-6804191.0
-2995963.75
4284551.0
3295339.5
4494607.0
3307845.0
-402391.625
-800884.0625
-1746679.0
-2269925.75
4476549.5
1988521.875
4525453.0
5463657.0
3897195.5
4771903.0
4700441.0
1634586.5
775810.0
1974122.25
2485587.0
7491942.5
3031370.0
5945943.5
2371663.5
4620816.0
6956801.0
6435642.0
4476936.5
5082821.0
6767208.0
6373092.5
5945208.5
4306700.5
6040571.5
1474798.5
2825536.0
5171578.5
3795610.5
1231391.375
5054225.5
6983934.0
8335619.0
8821702.0
7887646.5
9189481.0
10929222.0
11334926.0
10292817.0
7795903.0
7839694.5
7291255.0
6078918.0
5131974.5
6272084.0
1560896.25
1794276.625
96610.21875
677109.0
961863.375
4184106.5
3853689.0
1952215.375
181381.953125
-382810.8125
623480.25
237864.09375
758829.8125
975323.9375
1373058.625
594467.5
-22046.4746094
4832275.0
6361043.0
7117063.5
7508924.5
7833669.5
4641193.0
4843658.0
4322507.0
7051656.5
6590038.5
6616758.0
3394140.25
1769644.75
587616.0
2814395.0
7101894.0
5806877.0
7019226.0
6622438.5
4837564.5
3082650.0
3060853.25
4607045.5
2265569.25
6016550.0
3839250.75
6974089.0
8251651.5
5393942.5
4865208.5
5069395.0
4885706.0
4640018.0
6804600.0
6246474.5
2938357.25
-1928844.25
-838964.5
-347769.28125
2517135.25
3175727.75
3928167.5
5531422.5
4952064.0
7331268.5
5808025.5
7533363.0
6820368.0
6813357.5
3567786.0
2852699.5
1369060.625
1542142.25
3949976.5
6788506.0
4670550.0
3375154.25
2508029.25
2725853.25
4047207.0
1225358.625
583080.1875
-1225497.25
-610885.625
1549535.5
2518276.0
2490419.75
3826358.5
1538368.125
4029779.0
3992051.0
3254212.25
3969677.75
1904043.125
-144890.640625
2084908.875
1124126.0
-18643.2402344
-1563888.375
-1094494.125
-1297531.75
-248791.296875
-1318385.5
-2223057.0
520871.125
658896.6875
2478073.25
3946542.75
2991831.0
2269161.75
1972276.875
1062690.625
89599.8046875
2094931.625
206156.765625
1342109.0
-1492456.75
-268182.6875
996874.4375
3859842.25
5470107.5
1732014.5
2864920.0
4020960.25
4160303.75
1449720.75
5182677.0
6735698.0
6023658.5
5768477.0
7762263.0
6304229.5
8898787.0
12287287.0
7461225.0
5451701.5
3952343.5
6583690.5
6969306.5
5075798.5
7308842.0
4615139.5
3453221.25
4214195.0
5535158.0
5732144.0
6859562.5
8016937.0
8502452.0
5409684.0
1419831.75
2088493.5
548553.875
-2413025.0
-2464213.5
-449199.34375
2945553.25
3897608.75
1820621.375
1559368.875
976623.4375
4226731.0
5872834.0
7881781.0
6501083.5
4321908.0
748196.25
3602664.75
4316800.0
10212839.0
8556687.0
6590959.0
2713352.0
-936009.625
-3105355.5
-273832.5625
-1431775.125
-353647.09375
-328787.28125
2253988.5
3048696.0
3435074.0
4603619.5
10457581.0
12158866.0
10545933.0
3211182.75
5603267.5
4535192.5
5183731.5
6434760.0
8304363.5
11273904.0
8881045.0
10397096.0
2504986.25
3952606.0
2491904.75
1458333.625
4324924.5
5742399.0
309110.28125
1659847.75
2475594.75
3560358.25
1615669.5
4279223.0
5690255.0
5398865.0
7412197.0
2433516.25
5199253.5
5673562.5
6750360.5
9941511.0
7493117.5
9456000.0
5726816.0
7086281.0
10647669.0
8863178.0
5643610.5
5711105.0
1595206.625
3732492.75
727505.375
3250976.0
3864636.5
5532339.0
3012104.75
4551286.5
2354652.75
4747882.0
7133911.5
3051747.0
2474299.25
-1194973.125
1058537.625
1380989.625
-475157.25
-857343.6875
45046.7460938
1129048.625
1325269.25
2250790.75
482798.6875
-1155520.125
-1317059.5
-607842.75
-1441608.5
1985381.125
538902.0
1087542.5
776443.3125
380228.03125
408668.53125
-1823033.25
-2347773.0
-5648686.0
-4586489.5
-1909483.375
-492581.3125
1247731.875
6477975.0
5660906.0
6160441.5
7887298.5
8450532.0
7880284.0
7879332.5
8486745.0
8197446.5
7194399.5
7721803.5
5726309.0
3622370.0
4447988.5
4274713.5
6667753.5
6048037.5
6783401.5
6067553.5
6732975.0
5851825.0
4913222.0
8118772.5
10863849.0
14093490.0
13069585.0
10407343.0
10061748.0
6801966.5
6722156.0
1898173.25
-138637.9375
1745373.125
504595.65625
2098172.0
2708820.0
2638680.0
-62790.9257812
-988876.625
414754.3125
1745972.0
1686257.5
2668261.0
464806.34375
1910144.875
1021585.8125
2139906.0
3131015.75
8047886.5
10063844.0
10626888.0
11139691.0
7607489.0
9563921.0
9149687.0
8663979.0
7362338.5
7301312.5
7505301.5
7736021.5
7263042.5
7392708.0
9977583.0
10822146.0
10026684.0
10981589.0
9926971.0
10167714.0
7740940.5
7603882.0
5944512.0
6686705.0
8162950.5
6200269.5
3770440.75
3287025.75
4991319.5
6069645.0
7941151.0
8526189.0
6715933.5
9807178.0
8776452.0
9692481.0
6432501.0
6165580.5
7754044.5
6345672.5
6584358.0
10421789.0
12590357.0
10466149.0
8801842.0
6628343.0
7051084.5
5965555.0
5169521.5
6612949.5
5302964.5
5540115.0
1891890.125
2401077.75
1598787.25
1734519.625
3389338.0
4907097.5
6070914.0
4349540.5
932225.25
7120587.0
11030238.0
11424543.0
13023641.0
11310043.0
7278685.0
5987484.5
7981072.5
6169297.5
6118677.0
5708247.5
5170248.5
6442501.5
7289155.5
3451539.0
3821220.0
7691817.0
4682285.5
3078466.75
4856133.0
3858762.75
3665593.0
1331896.75
-2345518.5
503459.0625
3577816.75
2663686.75
6895805.5
5320419.0
4395462.0
1376071.0
603172.25
-1279895.75
194838.484375
1855712.0
1479217.875
-295413.5625
2365119.5
2200390.25
2726460.0
5090305.5
7848073.5
7934330.0
7183990.0
9271800.0
9198436.0
7030992.5
5606318.0
1836010.75
3809132.0
2781999.0
1754862.25
3111848.25
6921415.5
7924079.0
6306803.5
7774326.0
7164246.0
8689214.0
8608444.0
7670042.5
10211131.0
8485411.0
12111641.0
6773526.0
6296936.0
5111882.5
7735441.5
8565793.0
8145302.5
5350181.5
6354566.5
8938297.0
8940200.0
8010150.5
8790253.0
8010529.5
5583747.5
3977647.25
6152468.0
7301691.5
10395221.0
17184540.0
13405123.0
8932617.0
11571546.0
8400298.0
8507018.0
5192080.0
10223280.0
9541746.0
8631583.0
12167779.0
10447364.0
14234744.0
12155088.0
10486809.0
13223731.0
12530824.0
11594871.0
13819554.0
12099897.0
5972767.0
8494134.0
5265456.5
3040192.75
5337487.0
5908118.0
7006342.0
8435177.0
8080290.5
9055465.0
10538915.0
3878502.25
6168975.5
5942988.5
6043467.5
5127048.0
1514092.5
-1238192.125
-3788579.75
-3281070.5
-2781341.5
-1042547.8125
-2892825.0
-2067589.0
-883104.1875
-2150829.25
-3269516.5
-5329277.0
-6016310.0
-8067912.0
-6736307.5
-7048361.5
-5421216.0
-3087328.5
-1426826.0
1088489.625
430465.5
-3918817.25
-4286015.5
-3534152.25
-952857.4375
298920.5625
-2017726.375
-830964.4375
953708.375
-1215250.625
-979615.5625
2243393.25
998238.9375
-535258.5625
521257.96875
3083578.75
3842267.25
3769467.0
3836010.5
6828492.5
6692002.5
4660674.0
7167641.5
8857907.0
14738788.0
13119611.0
11350474.0
9175452.0
10426859.0
9741349.0
6606314.0
9347806.0
7218679.0
5210490.0
6576010.0
2784090.75
1865015.5
3794531.0
2536496.25
3754904.5